structure(list(GEO = c(3L, 3L, 3L, 3L, 3L, 3L), ALDER = c("15_19", 
"20_24", "25_29", "30_34", "35_39", "40_44"), TELLER = c(15380L, 
24381L, 38496L, 35193L, 27520L, 23299L), RATE = c(4.50402961296973, 
7.1399704807422, 11.2735451222941, 10.3062622996908, 8.05922593946209, 
6.82310701902352), i.GEO = c(3L, 3L, 3L, 3L, 3L, 3L), case = c(85L, 
437L, 601L, 527L, 400L, 141L), i.RATE = c(5.42749505140157, 17.7755481132971, 
15.5380134094004, 14.7288988261599, 14.4043789311951, 6.00856540174291
), crude = c(5.52665799739922, 17.9237931175916, 15.6120116375727, 
14.9745688062967, 14.5348837209302, 6.0517618781922)), class = "data.frame", row.names = c(NA, 
-6L))
