structure(list(GEO = c(30L, 30L, 30L, 30L, 30L, 30L), ALDER = c("15_19", 
"20_24", "25_29", "30_34", "35_39", "40_44"), TELLER = c(37051L, 
32828L, 34457L, 37431L, 40201L, 42423L), RATE = c(6.06079938232225, 
5.37000140678726, 5.6364730861968, 6.12295974952644, 6.57607611046224, 
6.93955067869306), i.GEO = c(30L, 30L, 30L, 30L, 30L, 30L), case = c(177L, 
499L, 669L, 612L, 453L, 190L), i.RATE = c(4.76851165860689, 15.1338236409129, 
19.4566297472189, 16.1392405063291, 11.1980421965961, 4.50899425696521
), crude = c(4.77719899597852, 15.200438649933, 19.4155033810256, 
16.3500841548449, 11.2683764085471, 4.47870259057587)), class = "data.frame", row.names = c(NA, 
-6L))
