structure(list(GEO = c(50L, 50L, 50L, 50L, 50L, 50L), ALDER = c("15_19", 
"20_24", "25_29", "30_34", "35_39", "40_44"), TELLER = c(13520L, 
16125L, 16537L, 15039L, 13964L, 13851L), RATE = c(5.89744037129447, 
7.0337445256748, 7.21345942456336, 6.56003001064331, 6.09111370893166, 
6.04182297210057), i.GEO = c(50L, 50L, 50L, 50L, 50L, 50L), case = c(75L, 
205L, 248L, 239L, 146L, 47L), i.RATE = c(5.56091050641358, 12.7990343492784, 
14.9651517132484, 15.7161018806716, 10.3241013553329, 3.41930086210032
), crude = c(5.54733727810651, 12.7131782945736, 14.9966741246901, 
15.892014096682, 10.4554568891435, 3.39325680456285)), class = "data.frame", row.names = c(NA, 
-6L))
