structure(list(GEO = c(0L, 0L, 0L, 0L, 0L, 0L), ALDER = c("15_19", 
"20_24", "25_29", "30_34", "35_39", "40_44"), TELLER = c(155334L, 
164895L, 181578L, 178708L, 170931L, 170461L), RATE = c(5.87687594182523, 
6.23860493148487, 6.8697862654972, 6.76120325113435, 6.46696976587308, 
6.44918787850355), i.GEO = c(0L, 0L, 0L, 0L, 0L, 0L), case = c(745L, 
2445L, 3131L, 2714L, 1903L, 704L), i.RATE = c(4.80273336771532, 
14.843520757657, 17.2629106557535, 15.0022663703802, 11.0693487232634, 
4.15009918383348), crude = c(4.79611675486371, 14.8276175748203, 
17.2432783707277, 15.1867851467198, 11.1331472933523, 4.12997694487302
)), class = "data.frame", row.names = c(NA, -6L))
